4 24
0.000 0.250 4.965 1.000 0.000 0.000 0.000
0.000 0.000 0.000 1.000 0.000 0.000 0.000
-2.000 1.000 0.000 1.000 0.000 0.000 0.000
0.500 0.750 0.000 1.000 0.000 0.000 0.000
0.700 0.000 0.000 1.000 0.000 0.000 0.000
-0.500 0.750 0.000 1.000 0.000 0.000 0.000
-0.700 0.000 0.000 1.000 0.000 0.000 0.000
0.375 -0.750 0.000 1.000 0.000 0.000 0.000
0.000 -1.000 0.000 1.000 0.000 0.000 0.000
-0.375 -0.750 0.000 1.000 0.000 0.000 0.000
0.000 -1.000 0.000 1.000 0.000 0.000 0.000
0.000 0.750 0.000 1.000 0.000 0.000 0.000
2.000 1.000 0.000 1.000 0.000 0.000 0.000
0.500 0.750 0.000 1.000 0.000 0.000 0.000
0.700 0.000 0.000 1.000 0.000 0.000 0.000
-0.500 0.750 0.000 1.000 0.000 0.000 0.000
-0.700 0.000 0.000 1.000 0.000 0.000 0.000
0.375 -0.750 0.000 1.000 0.000 0.000 0.000
0.000 -1.000 0.000 1.000 0.000 0.000 0.000
-0.375 -0.750 0.000 1.000 0.000 0.000 0.000
0.000 -1.000 0.000 1.000 0.000 0.000 0.000
0.000 0.750 0.000 1.000 0.000 0.000 0.000
2.000 3.000 14.000 1.000 0.000 0.000 0.000
-2.000 3.000 -14.000 1.000 0.000 0.000 0.000
0.000 0.250 6.488 1.000 0.000 0.000 0.000
0.000 0.000 0.000 1.000 0.000 0.000 0.000
-2.000 1.000 0.000 1.000 0.000 0.000 0.000
0.500 0.750 0.000 1.000 0.000 0.000 0.000
0.700 0.000 0.000 1.000 0.000 0.000 0.000
-0.500 0.750 0.000 1.000 0.000 0.000 0.000
-0.700 0.000 0.000 1.000 0.000 0.000 0.000
0.375 -0.750 0.000 1.000 0.000 0.000 0.000
0.000 -1.000 0.000 1.000 0.000 0.000 0.000
-0.375 -0.750 0.000 1.000 0.000 0.000 0.000
0.000 -1.000 0.000 1.000 0.000 0.000 0.000
0.000 0.750 0.000 1.000 0.000 0.000 0.000
2.000 1.000 0.000 1.000 0.000 0.000 0.000
0.500 0.750 0.000 1.000 0.000 0.000 0.000
0.700 0.000 0.000 1.000 0.000 0.000 0.000
-0.500 0.750 0.000 1.000 0.000 0.000 0.000
-0.700 0.000 0.000 1.000 0.000 0.000 0.000
0.375 -0.750 0.000 1.000 0.000 0.000 0.000
0.000 -1.000 0.000 1.000 0.000 0.000 0.000
-0.375 -0.750 0.000 1.000 0.000 0.000 0.000
0.000 -1.000 0.000 1.000 0.000 0.000 0.000
0.000 0.750 0.000 1.000 0.000 0.000 0.000
2.000 3.000 14.000 1.000 0.000 0.000 0.000
-2.000 3.000 -14.000 1.000 0.000 0.000 0.000
0.000 0.250 10.337 1.000 0.000 0.000 0.000
0.000 0.000 0.000 1.000 0.000 0.000 0.000
-2.000 1.000 0.000 1.000 0.000 0.000 0.000
0.500 0.750 0.000 1.000 0.000 0.000 0.000
0.700 0.000 0.000 1.000 0.000 0.000 0.000
-0.500 0.750 0.000 1.000 0.000 0.000 0.000
-0.700 0.000 0.000 1.000 0.000 0.000 0.000
0.375 -0.750 0.000 1.000 0.000 0.000 0.000
0.000 -1.000 0.000 1.000 0.000 0.000 0.000
-0.375 -0.750 0.000 1.000 0.000 0.000 0.000
0.000 -1.000 0.000 1.000 0.000 0.000 0.000
0.000 0.750 0.000 1.000 0.000 0.000 0.000
2.000 1.000 0.000 1.000 0.000 0.000 0.000
0.500 0.750 0.000 1.000 0.000 0.000 0.000
0.700 0.000 0.000 1.000 0.000 0.000 0.000
-0.500 0.750 0.000 1.000 0.000 0.000 0.000
-0.700 0.000 0.000 1.000 0.000 0.000 0.000
0.375 -0.750 0.000 1.000 0.000 0.000 0.000
0.000 -1.000 0.000 1.000 0.000 0.000 0.000
-0.375 -0.750 0.000 1.000 0.000 0.000 0.000
0.000 -1.000 0.000 1.000 0.000 0.000 0.000
0.000 0.750 0.000 1.000 0.000 0.000 0.000
2.000 3.000 14.000 1.000 0.000 0.000 0.000
-2.000 3.000 -14.000 1.000 0.000 0.000 0.000
0.000 0.250 17.517 1.000 0.000 0.000 0.000
0.000 0.000 0.000 1.000 0.000 0.000 0.000
-2.000 1.000 0.000 1.000 0.000 0.000 0.000
0.500 0.750 0.000 1.000 0.000 0.000 0.000
0.700 0.000 0.000 1.000 0.000 0.000 0.000
-0.500 0.750 0.000 1.000 0.000 0.000 0.000
-0.700 0.000 0.000 1.000 0.000 0.000 0.000
0.375 -0.750 0.000 1.000 0.000 0.000 0.000
0.000 -1.000 0.000 1.000 0.000 0.000 0.000
-0.375 -0.750 0.000 1.000 0.000 0.000 0.000
0.000 -1.000 0.000 1.000 0.000 0.000 0.000
0.000 0.750 0.000 1.000 0.000 0.000 0.000
2.000 1.000 0.000 1.000 0.000 0.000 0.000
0.500 0.750 0.000 1.000 0.000 0.000 0.000
0.700 0.000 0.000 1.000 0.000 0.000 0.000
-0.500 0.750 0.000 1.000 0.000 0.000 0.000
-0.700 0.000 0.000 1.000 0.000 0.000 0.000
0.375 -0.750 0.000 1.000 0.000 0.000 0.000
0.000 -1.000 0.000 1.000 0.000 0.000 0.000
-0.375 -0.750 0.000 1.000 0.000 0.000 0.000
0.000 -1.000 0.000 1.000 0.000 0.000 0.000
0.000 0.750 0.000 1.000 0.000 0.000 0.000
2.000 3.000 14.000 1.000 0.000 0.000 0.000
-2.000 3.000 -14.000 1.000 0.000 0.000 0.000
